[[[ 31  24  19]
  [ 32  25  20]
  [ 20  21  17]
  ...
  [ 47  76 111]
  [ 30  66 112]
  [ 30  66 112]]

 [[ 20  20  14]
  [ 26  26  20]
  [ 23  25  19]
  ...
  [ 46  77 105]
  [ 36  70 116]
  [ 37  71 117]]

 [[ 33  37  19]
  [ 35  39  21]
  [ 25  27  21]
  ...
  [ 33  76 101]
  [ 34  71 113]
  [ 36  73 115]]

 ...

 [[140 121 104]
  [145 126 109]
  [148 127 110]
  ...
  [200 196 197]
  [205 196 198]
  [205 196 198]]

 [[153 134 117]
  [151 132 115]
  [150 131 114]
  ...
  [199 196 200]
  [204 200 201]
  [203 199 200]]

 [[153 134 117]
  [152 133 116]
  [147 128 111]
  ...
  [203 200 204]
  [203 200 204]
  [202 199 203]]]